nuimages/train/human/n015-2018-07-13-10-42-25+0800__CAM_BACK__1531450045687525.jpg 487.40057,632.7941,800.10474,977.5692,0 468.58643,567.67914,533.383,646.64966,0
nuimages/train/human/n013-2018-08-01-12-04-35+0800__CAM_BACK_LEFT__1533096467147155.jpg 622.5209,971.16956,650.242,1087.4606,0
nuimages/train/human/n013-2018-08-16-16-15-38+0800__CAM_BACK_RIGHT__1534408569128054.jpg 509.83783,1220.2804,556.31195,1315.6486,0
nuimages/train/human/n003-2018-07-19-13-06-40+0800__CAM_BACK__1531977142787543.jpg 421.91388,1263.5823,483.46136,1476.3367,0 412.8401,1070.0406,476.05563,1164.2045,0 420.76135,1353.0575,462.38397,1450.1919,0 419.1047,1243.7961,465.82407,1350.7141,0 388.4976,19.256378,463.7724,224.41464,0 437.05377,1407.6566,481.69324,1489.8954,0
nuimages/train/human/n005-2018-06-14-20-11-03+0800__CAM_BACK__1528979828187591.jpg
nuimages/train/human/n009-2018-07-02-13-44-23-0400__CAM_FRONT__1530554238662656.jpg 473.21182,5.21996,688.5692,266.42963,0 477.06564,240.16138,616.2858,493.53156,0 455.9409,1056.2317,572.37726,1203.6587,0 472.90656,465.62433,560.21924,612.3314,0 463.99802,1367.2361,631.2889,1577.7891,0 470.64978,624.6403,532.4848,715.79834,0 447.58798,1013.15784,528.0397,1119.0336,0 497.04605,1504.7283,638.54803,1599.5873,0
nuimages/train/human/n004-2018-09-18-15-12-50+0800__CAM_FRONT_LEFT__1537255001405043.jpg 459.0929,895.1494,522.10004,1038.3359,0
nuimages/train/human/n003-2018-01-08-12-04-22+0800__CAM_FRONT_LEFT__1515384373127672.jpg
nuimages/train/human/n013-2018-09-13-12-17-19+0800__CAM_BACK_LEFT__1536813394297155.jpg 442.35248,1305.1777,534.18695,1514.6721,0 433.0893,363.42764,524.8074,521.79614,0
nuimages/train/human/n013-2018-08-21-11-46-25+0800__CAM_FRONT_RIGHT__1534823893870176.jpg 501.18222,997.7922,587.7029,1131.1569,0 467.1066,534.1547,559.86273,696.6688,0 468.57587,278.4957,545.2481,412.9726,0 486.89206,893.42554,560.9183,1023.54297,0 506.34506,764.6478,534.6338,857.57007,0
nuimages/train/human/n013-2018-07-31-10-55-31+0800__CAM_FRONT__1533006228012407.jpg
nuimages/train/human/n010-2018-08-03-16-43-05+0800__CAM_FRONT__1533285802012488.jpg 455.13354,882.624,570.1042,1023.8701,0
nuimages/train/human/n016-2018-09-05-11-24-47+0800__CAM_FRONT__1536118038512515.jpg
nuimages/train/human/n013-2018-08-01-12-04-35+0800__CAM_FRONT_LEFT__1533096904354825.jpg 480.08783,1329.0106,574.90857,1603.7825,0 462.64856,611.56714,560.39874,826.1592,0
nuimages/train/human/n013-2018-08-15-10-43-15+0800__CAM_BACK_LEFT__1534301283797155.jpg 417.3445,15.5900955,897.2151,1045.9148,0
nuimages/train/human/n015-2018-09-05-16-35-11+0800__CAM_BACK_RIGHT__1536136843178526.jpg
nuimages/train/human/n008-2018-07-31-15-02-23-0400__CAM_FRONT_RIGHT__1533064085920482.jpg 471.904,30.03683,868.0285,891.5938,0 479.63605,814.85846,910.5293,1615.6884,0 452.25616,530.9638,503.15527,660.6355,0
nuimages/train/human/n016-2018-07-05-11-51-25+0800__CAM_BACK__1530762923887551.jpg 484.9569,798.34503,535.33984,886.3596,0
nuimages/train/human/n016-2018-07-10-16-38-02+0800__CAM_BACK__1531212046787551.jpg 485.79935,970.67145,694.4677,1244.9196,0 488.9829,795.3209,538.131,871.0548,0
nuimages/train/human/n003-2018-01-03-15-21-35+0800__CAM_FRONT__1514964258439272.jpg
nuimages/train/human/n004-2018-02-23-15-30-20+0800__CAM_BACK__1519371118274466.jpg 472.3458,567.36365,502.88135,608.96423,0
nuimages/train/human/n016-2018-07-05-11-23-23+0800__CAM_FRONT__1530761206662701.jpg 472.90564,846.09644,514.717,896.3543,0 435.20654,157.90338,516.23846,334.95178,0 478.50803,912.94214,514.80646,966.39404,0 450.74768,102.93145,498.55258,198.19955,0
nuimages/train/human/n008-2018-06-05-11-43-04-0400__CAM_FRONT_RIGHT__1528213656369956.jpg 390.58313,334.075,486.10623,587.41797,0 388.9194,1029.8641,443.6888,1154.737,0 391.80945,518.0903,446.17725,692.78827,0 392.9265,695.8934,436.07144,804.42017,0 380.83142,799.9708,429.67056,876.4656,0
nuimages/train/human/n013-2018-09-17-13-23-26+0800__CAM_FRONT__1537161893512407.jpg 476.79446,872.95044,502.74783,908.12195,0
nuimages/train/human/n010-2018-07-09-16-07-20+0800__CAM_FRONT_LEFT__1531123750854509.jpg 434.63763,1156.9065,471.87497,1226.7185,0
nuimages/train/human/n010-2018-07-03-15-04-38+0800__CAM_FRONT__1530601543762488.jpg 419.20975,1009.4908,613.782,1301.7908,0
nuimages/train/human/n008-2018-05-24-12-02-23-0400__CAM_FRONT_LEFT__1527177773604917.jpg 434.88,778.4807,474.70825,844.3519,0
nuimages/train/human/n004-2018-02-23-15-30-20+0800__CAM_FRONT_RIGHT__1519371998064773.jpg
nuimages/train/human/n016-2018-07-10-13-36-03+0800__CAM_FRONT__1531201099662515.jpg 475.03568,8.138537,841.4772,259.31326,0
nuimages/train/human/n008-2018-05-18-15-42-08-0400__CAM_FRONT_LEFT__1526672779504917.jpg 440.70807,1066.9943,509.3542,1251.4563,0 431.0043,1160.4547,490.40082,1372.6833,0 437.23795,436.78625,491.32178,583.4347,0 428.77576,600.81854,490.45007,771.15967,0 437.32596,976.48755,480.59537,1098.7463,0 359.9027,9.129847,477.24872,119.20617,0 436.5748,561.3588,504.19177,670.4039,0
nuimages/train/human/n005-2018-06-14-20-11-03+0800__CAM_FRONT_RIGHT__1528980162520418.jpg 516.0903,17.565823,805.39526,654.2122,0
nuimages/train/human/n013-2018-07-30-10-59-08+0800__CAM_BACK__1532919709887005.jpg 483.6455,-0.988996,679.0805,161.51186,0 468.97943,330.322,574.33057,472.0949,0 480.02914,677.8887,572.6192,773.3866,0 475.21753,480.60733,522.9469,572.4665,0 464.83932,262.27774,553.8493,379.42218,0 464.4482,626.9659,510.3865,684.83527,0 448.7224,1127.6207,488.47168,1210.0939,0
nuimages/train/human/n013-2018-09-04-13-30-50+0800__CAM_FRONT_RIGHT__1536039487370176.jpg
nuimages/train/human/n010-2018-07-09-15-52-17+0800__CAM_BACK_LEFT__1531122801397633.jpg 448.44727,1338.0195,507.54855,1482.1859,0 468.84573,1484.6229,601.4711,1601.1641,0
nuimages/train/human/n015-2018-09-05-12-12-46+0800__CAM_FRONT_RIGHT__1536121492920339.jpg 444.22656,-1.5393972,605.4312,165.78564,0 523.509,587.08215,570.9864,671.5091,0
nuimages/train/human/n003-2018-07-19-13-06-40+0800__CAM_BACK_RIGHT__1531977675628132.jpg 484.38776,10.834336,677.3343,239.88316,0
nuimages/train/human/n016-2018-07-10-16-55-57+0800__CAM_FRONT_LEFT__1531213098154817.jpg 446.20322,1533.8474,584.07544,1596.7631,0 482.49927,198.93929,548.4624,296.7853,0
nuimages/train/human/n013-2018-08-17-15-46-44+0800__CAM_FRONT_RIGHT__1534492544420176.jpg 498.20117,576.85254,555.5249,676.74756,0 648.2498,1366.6965,910.6177,1601.2637,0
nuimages/train/human/n014-2018-07-31-14-50-02-0400__CAM_FRONT_RIGHT__1533063980670182.jpg 445.9511,132.50732,882.35724,1120.1322,0 428.1672,1441.075,541.36975,1591.7697,0 722.10944,1455.135,898.72565,1597.2786,0
nuimages/train/human/n008-2018-09-10-17-01-47-0400__CAM_BACK__1536614014437558.jpg 464.9031,957.60175,534.8377,1042.8452,0 470.56207,810.12646,515.2188,867.9455,0
nuimages/train/human/n008-2018-07-27-12-27-03-0400__CAM_BACK_LEFT__1532709452047405.jpg 244.0572,12.357712,698.0159,1090.4442,0
nuimages/train/human/n015-2018-09-06-14-15-04+0800__CAM_FRONT__1536214565862460.jpg 612.2671,1.042366,729.3595,72.96063,0
nuimages/train/human/n008-2018-07-31-15-02-23-0400__CAM_FRONT_LEFT__1533064100354799.jpg 494.7564,1105.1022,595.2088,1344.0155,0 456.25137,1355.8503,574.3795,1546.906,0
nuimages/train/human/n003-2018-01-03-12-03-23+0800__CAM_FRONT__1514952953632058.jpg 483.7746,1197.6311,610.331,1429.9907,0 469.9848,1346.0719,818.9185,1588.8125,0 408.37677,914.85376,531.04517,1070.6239,0 451.49078,847.2521,494.4811,910.9083,0 452.4204,818.53955,481.6402,866.2736,0
nuimages/train/human/n013-2018-08-17-11-41-53+0800__CAM_BACK__1534477931037005.jpg 447.24667,773.6124,518.4048,857.5979,0 462.82095,660.1756,502.40005,721.4601,0
nuimages/train/human/n015-2018-09-05-11-47-58+0800__CAM_FRONT__1536120299012460.jpg 467.1514,1119.5896,579.7279,1228.5259,0
nuimages/train/human/n015-2018-09-05-12-12-46+0800__CAM_FRONT_LEFT__1536121020654844.jpg
nuimages/train/human/n013-2018-07-31-16-50-57+0800__CAM_BACK__1533027226637005.jpg 468.84488,557.8956,542.8335,669.6888,0 479.10025,462.46136,610.92377,571.88043,0 474.804,766.6004,575.07806,888.79126,0 448.51273,641.4091,519.2842,733.4139,0
nuimages/train/human/n010-2018-07-05-14-07-00+0800__CAM_FRONT__1530770973162488.jpg 426.92667,661.81915,581.15,799.783,0 463.15265,1487.8395,535.3321,1601.7839,0 484.3914,543.5398,523.5729,599.11707,0
nuimages/train/human/n005-2018-06-14-20-11-03+0800__CAM_FRONT_LEFT__1528978969104901.jpg 549.7029,1135.0925,895.21674,1580.367,0
nuimages/train/human/n016-2018-07-10-17-18-02+0800__CAM_BACK__1531215064787551.jpg 483.65433,833.4564,541.00146,929.57117,0 475.41635,746.2007,510.6623,810.18536,0
nuimages/train/human/n013-2018-08-17-15-46-44+0800__CAM_FRONT__1534492356662407.jpg 490.56757,1072.1216,588.1287,1221.5457,0 465.19385,1041.6423,553.68463,1116.3766,0
nuimages/train/human/n016-2018-09-10-11-01-25+0800__CAM_BACK_RIGHT__1536548601427917.jpg 401.92102,279.62225,505.7473,372.7907,0 386.0267,1226.3912,449.12256,1412.4973,0
nuimages/train/human/n004-2018-01-02-17-09-18+0800__CAM_BACK__1514884863179333.jpg 448.71094,555.105,607.75714,727.8796,0 441.93396,712.89636,517.85895,797.16626,0 397.82117,1344.1233,478.04315,1480.9614,0 468.47678,204.88272,505.63394,278.87906,0
nuimages/train/human/n013-2018-08-17-15-26-47+0800__CAM_BACK_RIGHT__1534491121128054.jpg
nuimages/train/human/n010-2018-07-05-14-36-33+0800__CAM_FRONT_RIGHT__1530772913920905.jpg 489.8595,1016.8186,693.49133,1454.1493,0
nuimages/train/human/n015-2018-09-06-14-03-33+0800__CAM_BACK_RIGHT__1536214384377893.jpg
nuimages/train/human/n009-2018-07-02-14-16-43-0400__CAM_BACK_LEFT__1530555438197158.jpg 457.03897,42.127464,664.19006,536.9222,0 358.0215,1221.7716,883.5247,1599.6548,0 497.08533,537.97186,526.84283,599.1606,0 475.764,9.390545,559.02,120.34819,0 505.08957,777.996,544.0449,873.1971,0
nuimages/train/human/n008-2018-06-05-11-43-04-0400__CAM_FRONT_LEFT__1528214258254917.jpg 443.7402,836.33136,545.9199,1099.3124,0 451.12292,1119.6658,533.952,1313.1506,0 431.83612,1215.2496,501.69583,1411.85,0 438.3692,1374.5618,498.1508,1515.8925,0
nuimages/train/human/n015-2018-09-05-11-47-58+0800__CAM_FRONT_RIGHT__1536119626920339.jpg 638.49567,1158.902,783.4532,1361.4052,0
nuimages/train/human/n015-2018-09-05-11-47-58+0800__CAM_BACK_LEFT__1536120313447423.jpg
nuimages/train/human/n015-2018-07-12-13-39-47+0800__CAM_BACK__1531374931637525.jpg 489.64435,484.95923,530.8918,579.73444,0
nuimages/train/human/n010-2018-08-27-12-00-23+0800__CAM_BACK__1535342732887257.jpg 445.79822,774.277,531.5819,866.2752,0
nuimages/train/human/n008-2018-06-05-11-43-04-0400__CAM_FRONT__1528214032262465.jpg 429.10333,932.86115,538.25336,1094.9731,0 374.7806,285.89667,616.3155,546.2429,0 418.84216,705.6956,453.13947,752.67065,0 415.99695,829.21313,453.4188,883.1602,0 414.96054,886.1813,468.24615,964.16284,0 421.9956,1028.689,474.8034,1146.6158,0 425.61383,887.08026,456.75385,923.907,0 409.33417,1042.185,444.83685,1111.4148,0
nuimages/train/human/n013-2018-08-27-12-23-18+0800__CAM_FRONT__1535343927762407.jpg 481.51532,214.22827,591.6279,383.5283,0 476.15958,1524.6588,547.48016,1590.845,0 437.9549,-0.32932758,527.48456,136.95131,0 443.38187,355.43542,499.76242,416.97272,0
nuimages/train/human/n013-2018-08-20-15-15-12+0800__CAM_BACK_LEFT__1534749519047155.jpg 520.42126,1161.4628,620.3252,1599.9401,0
nuimages/train/human/n008-2018-07-27-12-27-03-0400__CAM_FRONT_RIGHT__1532708939170482.jpg 499.88104,5.078554,917.5655,503.17126,0 397.71286,1411.3136,559.07465,1589.3928,0 423.0568,993.524,510.53543,1089.2764,0 431.33932,933.4778,539.0167,1004.345,0
nuimages/train/human/n013-2018-09-13-12-17-19+0800__CAM_BACK_LEFT__1536812809047155.jpg
nuimages/train/human/n013-2018-09-17-13-23-26+0800__CAM_FRONT__1537162444862407.jpg 500.2221,1025.8063,655.183,1238.5953,0 512.5254,1287.9685,554.6827,1375.4502,0 518.78613,988.67377,547.3842,1032.8319,0
nuimages/train/human/n015-2018-09-11-16-03-43+0800__CAM_BACK_LEFT__1536653315947423.jpg 495.5158,671.5126,561.11127,815.2556,0 488.51825,99.270134,559.514,246.75725,0
nuimages/train/human/n010-2018-07-23-11-50-54+0800__CAM_FRONT__1532317975762488.jpg 457.65384,658.48083,652.9045,919.9008,0 429.27982,11.433244,504.98947,159.56494,0
nuimages/train/human/n008-2018-09-14-13-40-23-0400__CAM_BACK__1536947406438101.jpg 442.73962,328.7608,561.89496,590.30164,0 448.76242,-5.3784966,555.8021,163.92743,0 482.91638,1219.0399,533.46576,1364.4535,0 482.6003,820.90796,519.11914,900.609,0 466.18478,611.015,511.4521,694.9791,0 474.26508,1062.9109,509.90048,1138.9576,0 436.1047,248.34917,527.99786,399.99002,0 495.2963,1337.9025,539.424,1439.2948,0 476.7372,849.8127,517.08905,967.7544,0
nuimages/train/human/n015-2018-09-05-11-47-58+0800__CAM_BACK_RIGHT__1536119887127893.jpg
nuimages/train/human/n015-2018-09-05-12-12-46+0800__CAM_BACK_LEFT__1536120995697423.jpg 475.61493,873.01514,546.23676,1002.2078,0 443.17926,1508.7937,500.39398,1598.1243,0
nuimages/train/human/n013-2018-08-20-10-36-22+0800__CAM_FRONT__1534733180512407.jpg 613.91315,391.0636,661.9637,457.25565,0
nuimages/train/human/n013-2018-08-02-15-40-20+0800__CAM_BACK__1533196205537005.jpg 483.88123,793.1317,565.36633,900.5474,0
nuimages/train/human/n003-2018-01-03-17-00-35+0800__CAM_BACK__1514970679120690.jpg 402.7641,359.94467,519.0045,599.0462,0 432.05774,751.92834,526.4527,853.5448,0
nuimages/train/human/n010-2018-08-28-11-42-19+0800__CAM_BACK__1535427824537257.jpg 442.43542,755.88464,550.7781,871.5856,0 457.59665,719.6102,498.79367,773.2359,0 444.68457,835.95374,484.4088,888.71783,0
nuimages/train/human/n013-2018-08-17-11-41-53+0800__CAM_BACK__1534477435787005.jpg 472.25546,753.45905,568.072,867.0949,0 456.3994,685.88025,497.84256,754.2909,0
nuimages/train/human/n010-2018-09-18-13-50-59+0800__CAM_BACK_LEFT__1537249943397642.jpg 484.0059,251.56766,525.5188,371.02756,0 436.52914,1192.1665,510.7379,1320.1508,0
nuimages/train/human/n013-2018-07-30-11-58-27+0800__CAM_FRONT__1532923694912407.jpg 487.1815,731.2667,698.00256,985.3794,0 497.6462,1270.9893,564.4329,1354.0608,0 491.20905,925.08905,546.30865,1001.1694,0 383.227,156.34355,437.94766,295.54758,0 487.56165,1050.8247,519.6424,1106.4137,0 482.3776,998.77875,509.31747,1044.9528,0
nuimages/train/human/n016-2018-07-02-14-06-07+0800__CAM_FRONT__1530512234362515.jpg 462.2802,481.72693,794.0109,884.51117,0 444.29712,495.537,509.89664,667.1256,0 460.53442,742.24976,560.5539,886.8352,0
nuimages/train/human/n014-2018-07-31-14-50-02-0400__CAM_FRONT__1533064031512509.jpg 492.62222,1046.0375,636.11847,1300.0057,0 487.57727,826.5394,599.7996,963.1193,0 475.58762,1227.1675,825.88306,1601.1547,0 468.17206,962.8519,596.2188,1107.3419,0 473.14917,293.75372,572.7248,458.4839,0 387.64795,551.13696,562.9962,711.12213,0 469.47498,99.99906,624.26807,346.51556,0 332.9451,0.19837618,669.7471,160.19118,0 459.09076,731.35974,530.92206,790.2855,0 484.6623,437.7054,544.7762,508.44107,0
nuimages/train/human/n015-2018-09-18-17-12-01+0800__CAM_FRONT_RIGHT__1537262300520339.jpg 492.5304,118.90855,596.57587,329.51065,0
nuimages/train/human/n010-2018-07-09-11-56-37+0800__CAM_FRONT_RIGHT__1531109357020905.jpg 364.3251,18.517494,906.05804,811.3117,0 507.13995,765.91876,566.45026,849.09937,0 509.9478,1088.0762,538.6176,1146.2496,0 499.0824,843.6958,556.50464,966.2952,0 510.781,1159.8607,549.7244,1226.1046,0
nuimages/train/human/n005-2018-07-10-17-07-39+0800__CAM_BACK__1531214325687642.jpg 421.92426,1148.8257,550.4898,1402.1525,0
nuimages/train/human/n015-2018-09-05-16-46-15+0800__CAM_BACK_RIGHT__1536137757627893.jpg
nuimages/train/human/n010-2018-08-03-16-43-05+0800__CAM_FRONT_RIGHT__1533285986620905.jpg 544.90485,842.61816,726.7337,1319.3126,0 479.59985,60.172417,589.6966,301.5192,0
nuimages/train/human/n006-2018-09-17-14-44-43-0400__CAM_FRONT__1537210678762482.jpg 448.68222,765.35626,514.21075,844.8008,0
nuimages/train/human/n013-2018-09-04-13-30-50+0800__CAM_FRONT__1536039300862407.jpg 481.3149,907.3097,545.9542,1017.6323,0 489.18076,823.7186,531.4352,869.912,0
nuimages/train/human/n014-2018-06-25-21-03-46-0400__CAM_FRONT_LEFT__1529975637354899.jpg
nuimages/train/human/n004-2018-07-05-17-15-40+0800__CAM_FRONT__1530784138612419.jpg 470.55475,398.2922,543.85626,574.42633,0 437.94125,1456.464,542.1532,1578.0653,0
nuimages/train/human/n003-2018-07-12-15-40-35+0800__CAM_FRONT__1531384781012871.jpg 428.1753,773.6432,470.8354,824.92035,0
nuimages/train/human/n013-2018-08-01-11-40-19+0800__CAM_FRONT__1533095404162595.jpg 504.15762,1428.1602,561.73285,1580.4772,0 495.0358,1532.9131,570.60175,1599.2454,0
nuimages/train/human/n003-2018-01-03-12-03-23+0800__CAM_BACK_LEFT__1514952717958295.jpg 432.24274,1296.6351,479.35196,1353.392,0
nuimages/train/human/n005-2018-07-10-14-03-53+0800__CAM_FRONT__1531202679362416.jpg 488.35275,1237.497,537.0872,1316.2194,0 484.5962,1044.4178,523.6337,1112.7961,0
nuimages/train/human/n008-2018-05-30-15-20-59-0400__CAM_FRONT__1527709679912465.jpg 463.63367,995.5305,564.6888,1142.5087,0 469.90714,7.2069526,540.1012,157.42346,0 459.3024,93.360855,552.5737,410.6893,0 480.6171,1122.8627,574.6708,1260.9536,0 462.0029,419.4738,572.6519,674.6449,0 461.93732,313.3966,561.0776,533.2771,0 479.71857,862.8504,559.30536,1018.5228,0 479.2821,790.132,534.1067,857.11383,0 468.64908,640.2054,538.15045,760.2661,0
nuimages/train/human/n008-2018-05-24-12-02-23-0400__CAM_FRONT_RIGHT__1527178125119956.jpg 378.13043,4.173422,468.2271,154.3798,0 393.95438,129.32988,468.3209,286.45972,0 340.63718,233.26115,450.91544,462.79846,0 391.32578,789.8534,451.5466,906.4126,0 373.2842,1252.8855,414.5945,1335.8589,0 379.86237,1168.922,426.34003,1269.4927,0 381.16528,1418.3519,409.31613,1474.5985,0
nuimages/train/human/n010-2018-07-05-16-18-46+0800__CAM_BACK_RIGHT__1530778905277423.jpg 463.9764,819.0426,525.95917,1003.0487,0 460.1851,608.88654,524.80273,823.19574,0 464.39316,46.805668,549.72174,279.53613,0 453.2774,345.09357,536.311,538.5088,0 455.06638,1376.561,503.52734,1517.5477,0 472.14667,231.50134,527.87695,380.46756,0 461.97638,1216.0045,521.1311,1379.517,0 460.4167,503.779,517.3879,580.9663,0 440.73608,1512.6907,487.60126,1591.565,0 461.97763,583.9213,517.113,686.102,0
nuimages/train/human/n010-2018-08-28-12-02-20+0800__CAM_BACK_RIGHT__1535429377627423.jpg 509.5255,1123.1165,685.32245,1472.3069,0 459.13797,179.83221,543.8636,464.34055,0 456.05127,1482.026,504.984,1597.4127,0 461.0274,1150.2468,509.99384,1284.5317,0
nuimages/train/human/n003-2018-07-19-13-06-40+0800__CAM_BACK__1531977979537543.jpg 431.0616,143.80888,577.8461,511.39597,0
nuimages/train/human/n009-2018-09-12-09-07-31-0400__CAM_BACK_RIGHT__1536758692778088.jpg 369.4041,1219.7174,491.8737,1335.2058,0 288.82773,1358.8844,487.9724,1585.0714,0 391.1691,1321.4712,441.40994,1390.4076,0 400.1269,1089.1371,464.98203,1173.794,0
nuimages/train/human/n006-2018-09-17-13-36-40-0400__CAM_FRONT__1537206370862482.jpg 414.87732,13.927746,704.4684,497.63507,0
nuimages/train/human/n008-2018-05-30-16-31-36-0400__CAM_FRONT__1527712527862465.jpg 437.02765,9.754682,541.4453,332.49658,0 410.2406,362.0055,466.75183,448.98367,0 406.42563,251.94614,460.97598,364.89154,0 396.93512,961.41205,451.86493,1092.5846,0 418.17715,449.26556,461.35925,523.83624,0 414.65073,561.2938,440.7479,607.1844,0 407.795,1291.1622,458.05038,1432.8059,0
nuimages/train/human/n013-2018-08-02-16-24-06+0800__CAM_BACK__1533198346187005.jpg 483.02304,737.38947,575.05005,851.25,0 455.69434,893.4375,549.2697,968.7558,0 454.41455,1147.6957,486.2543,1204.2593,0 460.56137,1281.7097,487.39996,1354.9363,0 462.8438,1192.0259,504.33008,1255.4468,0 479.51996,682.57043,514.38824,735.96747,0 464.88358,994.54175,500.62808,1132.3362,0 485.47372,619.24097,520.68445,659.6199,0
nuimages/train/human/n013-2018-08-17-11-41-53+0800__CAM_BACK__1534477458037005.jpg 468.56674,820.40216,544.3912,895.09717,0 455.52362,4.4882655,532.423,153.25664,0
nuimages/train/human/n015-2018-09-05-12-12-46+0800__CAM_FRONT_LEFT__1536120856604844.jpg
nuimages/train/human/n013-2018-08-21-10-39-45+0800__CAM_FRONT_LEFT__1534819666004825.jpg 392.13672,1403.0071,789.70233,1602.0973,0
nuimages/train/human/n016-2018-07-10-11-37-19+0800__CAM_FRONT__1531194525662515.jpg 466.0379,778.7438,637.11005,1007.6813,0 474.3994,1218.1957,568.06323,1432.7491,0 242.89703,28.687286,646.42206,470.74542,0
nuimages/train/human/n015-2018-09-05-11-47-58+0800__CAM_BACK_LEFT__1536120306647423.jpg 701.3335,1344.751,819.1209,1596.6115,0
nuimages/train/human/n015-2018-09-05-10-54-58+0800__CAM_BACK_LEFT__1536116275197423.jpg 465.8882,1149.2678,570.14764,1393.7888,0 463.41415,1016.07544,528.5953,1159.6129,0 467.57126,-1.1682868,530.89734,87.28948,0
nuimages/train/human/n013-2018-08-17-15-58-31+0800__CAM_BACK_RIGHT__1534492933628054.jpg
nuimages/train/human/n013-2018-09-17-11-21-06+0800__CAM_BACK__1537154575887005.jpg 495.96277,424.42398,607.6673,702.41394,0 501.26947,813.67676,534.8018,880.3758,0 503.4281,1026.511,530.61346,1061.1125,0
nuimages/train/human/n016-2018-07-03-11-48-56+0800__CAM_FRONT_RIGHT__1530589774670471.jpg 461.06818,884.04236,551.4947,1026.9928,0 479.03555,1220.7509,549.91754,1335.1902,0
nuimages/train/human/n013-2018-08-28-11-31-30+0800__CAM_BACK__1535427112937005.jpg 479.25165,786.2813,582.12177,950.1214,0 307.04678,22.053766,853.4383,469.69943,0
nuimages/train/human/n004-2018-02-23-15-05-17+0800__CAM_BACK__1519369735553370.jpg 443.46503,102.73751,623.23065,397.29434,0 440.96478,420.35513,522.0834,516.8973,0 442.449,559.02216,504.36823,617.8936,0
nuimages/train/human/n016-2018-07-04-11-51-37+0800__CAM_FRONT__1530676397662515.jpg 461.1182,621.93823,605.46136,764.43396,0 438.2317,1140.2134,628.7029,1386.3922,0 422.21628,837.98114,596.6961,1013.9676,0 521.6862,1539.1907,559.8742,1601.6567,0
nuimages/train/human/n013-2018-09-11-14-03-37+0800__CAM_FRONT_LEFT__1536647785004825.jpg 359.79575,35.083103,886.689,831.032,0
nuimages/train/human/n013-2018-08-29-14-19-16+0800__CAM_FRONT__1535524029862407.jpg 510.90363,1101.0952,565.39594,1284.9049,0 489.5219,819.0506,526.18665,894.10364,0 491.83505,761.6945,526.4756,826.4126,0
nuimages/train/human/n013-2018-08-27-15-20-20+0800__CAM_FRONT__1535354423512407.jpg 491.6899,977.04456,670.6658,1275.0171,0
nuimages/train/human/n008-2018-09-13-15-21-54-0400__CAM_FRONT__1536867185112404.jpg 466.91815,695.50464,517.0825,774.1415,0 481.62015,859.4225,514.21906,901.52264,0
nuimages/train/human/n016-2018-07-10-10-47-08+0800__CAM_BACK__1531191375537551.jpg 488.0139,68.00372,616.2097,300.99805,0 477.3563,1384.8417,781.2233,1604.382,0 482.71393,246.83676,585.84357,463.23444,0 477.00266,498.0913,535.76685,683.3591,0 487.08218,810.13556,582.3388,903.1003,0 484.77832,388.7989,564.9866,565.1556,0 500.50455,-0.1316309,655.27325,183.74174,0 485.9277,715.8385,514.3586,780.86743,0 486.9331,1062.1976,512.34235,1120.5004,0 491.89777,-0.26827753,668.76715,37.152107,0 482.96515,892.77594,508.88828,935.2993,0 485.66528,1028.8369,512.06885,1089.8104,0
nuimages/train/human/n013-2018-08-29-11-29-43+0800__CAM_BACK__1535513719387005.jpg 481.88824,744.8676,554.29816,833.278,0
nuimages/train/human/n013-2018-08-01-12-04-35+0800__CAM_BACK__1533096410687005.jpg 477.5472,738.8708,716.1241,995.5158,0 446.9975,1320.9236,503.94083,1453.7778,0 429.17383,1505.5212,481.71906,1596.0565,0 451.943,1162.2024,509.30344,1318.5375,0 490.62784,568.32465,552.2528,733.5548,0
nuimages/train/human/n010-2018-08-27-12-00-23+0800__CAM_BACK_LEFT__1535342740197644.jpg
nuimages/train/human/n013-2018-09-04-13-30-50+0800__CAM_BACK_RIGHT__1536039503428054.jpg 493.02295,209.00078,744.25195,801.0374,0 436.74844,514.51514,523.34064,699.57074,0 449.75092,758.7846,499.68378,870.85364,0 443.50278,1004.862,483.48013,1098.4988,0
nuimages/train/human/n004-2018-02-23-15-30-20+0800__CAM_BACK__1519371756133079.jpg
nuimages/train/human/n015-2018-09-11-16-17-20+0800__CAM_BACK__1536654040437525.jpg 489.98364,736.2769,592.59595,856.21387,0 466.3706,918.2352,496.80807,970.8425,0 481.37476,940.18164,506.94458,978.9508,0
nuimages/train/human/n008-2018-06-06-10-43-05-0400__CAM_FRONT_LEFT__1528297076854917.jpg
nuimages/train/human/n015-2018-07-11-14-07-42+0800__CAM_BACK__1531289430937525.jpg 474.12668,1009.9577,510.76523,1089.7878,0 448.74295,1295.3262,486.62766,1353.4373,0 483.07336,990.2369,523.18805,1053.9069,0
nuimages/train/human/n013-2018-08-21-11-46-25+0800__CAM_BACK_LEFT__1534823366397155.jpg
nuimages/train/human/n015-2018-07-11-14-25-26+0800__CAM_BACK_RIGHT__1531290885177893.jpg
nuimages/train/human/n015-2018-07-12-13-39-47+0800__CAM_BACK_LEFT__1531374521047423.jpg
nuimages/train/human/n008-2018-03-14-15-16-29-0400__CAM_FRONT__1521055364691764.jpg 423.60614,490.70358,547.3838,633.98627,0 430.24704,603.87445,488.83957,671.16974,0
nuimages/train/human/n008-2018-03-14-14-56-49-0400__CAM_BACK_LEFT__1521054344593742.jpg 428.83923,-1.7737269,548.47144,189.15836,0
nuimages/train/human/n003-2018-07-12-15-40-35+0800__CAM_FRONT_LEFT__1531381486105224.jpg
nuimages/train/human/n015-2018-09-05-11-47-58+0800__CAM_FRONT_LEFT__1536120281104844.jpg 417.69516,459.28192,535.0982,609.8896,0
nuimages/train/human/n008-2018-05-24-12-02-23-0400__CAM_FRONT_RIGHT__1527178040619956.jpg 468.6655,819.6231,526.69763,948.5599,0
nuimages/train/human/n015-2018-07-11-14-07-42+0800__CAM_FRONT__1531290000012460.jpg 314.0202,2.8252125,504.45227,266.1468,0 475.77914,764.0727,502.80893,803.37506,0
nuimages/train/human/n015-2018-07-12-19-48-48+0800__CAM_FRONT__1531396243262460.jpg
nuimages/train/human/n008-2018-05-30-15-20-59-0400__CAM_BACK__1527709344387570.jpg 374.59225,592.68274,729.1921,965.33997,0 429.099,413.8738,460.37183,455.67566,0
nuimages/train/human/n003-2018-01-08-12-04-22+0800__CAM_FRONT__1515384464561594.jpg 441.79367,407.33432,789.86554,790.781,0 378.5139,64.72678,639.5709,406.10193,0
nuimages/train/human/n013-2018-09-13-12-17-19+0800__CAM_FRONT__1536812288012407.jpg 479.89117,276.9693,537.2857,500.3511,0 510.82654,47.66242,563.2925,163.62581,0
nuimages/train/human/n013-2018-07-31-15-47-38+0800__CAM_BACK__1533023609787005.jpg 457.22217,1127.7765,558.526,1293.9894,0 419.83142,1262.5186,480.04712,1354.6282,0 410.35272,1028.5715,508.7135,1132.1631,0
nuimages/train/human/n014-2018-07-31-14-50-02-0400__CAM_BACK__1533063706887420.jpg 486.99185,722.581,531.4455,781.0668,0 494.97067,803.7886,584.27795,901.8839,0 484.59576,934.7294,515.3726,986.25183,0 493.76712,925.7631,535.4201,971.51355,0
nuimages/train/human/n008-2018-05-24-12-02-23-0400__CAM_BACK_RIGHT__1527178208877813.jpg 388.62048,247.85017,426.14786,350.1229,0
nuimages/train/human/n016-2018-07-11-11-47-12+0800__CAM_FRONT_RIGHT__1531280996870471.jpg 523.93604,1349.5894,641.4945,1579.421,0 486.05103,628.74994,596.0332,881.4575,0 510.7403,1029.8229,588.54047,1207.757,0 513.0169,905.5776,579.7359,1049.8252,0 520.93335,1295.2501,602.5437,1403.1813,0
nuimages/train/human/n004-2018-07-05-17-15-40+0800__CAM_FRONT_RIGHT__1530782887170576.jpg
nuimages/train/human/n010-2018-07-09-15-52-17+0800__CAM_FRONT__1531122929112488.jpg 444.9938,1169.7517,524.9732,1279.5948,0 451.17996,1082.9987,506.63226,1167.4225,0 408.36285,953.495,510.78378,1060.1246,0 452.3516,1295.5499,547.4458,1400.9307,0
nuimages/train/human/n009-2018-07-03-14-56-44-0400__CAM_FRONT__1530645283512656.jpg 381.18692,10.990119,634.1817,307.1028,0 440.54037,1220.0497,570.17145,1476.0651,0 473.44443,1139.7742,537.98096,1269.8649,0 488.4131,1359.4287,608.439,1586.4648,0
nuimages/train/human/n008-2018-09-10-17-01-47-0400__CAM_BACK_LEFT__1536613743397405.jpg 504.63715,914.0808,710.38336,1457.6584,0 528.3361,430.69745,641.8793,730.9479,0 528.3061,244.7721,601.7511,447.47858,0 515.3413,5.669737,919.57404,429.40405,0
nuimages/train/human/n016-2018-07-06-11-50-38+0800__CAM_BACK_LEFT__1530849518897243.jpg 231.47978,14.2043,373.63644,128.95813,0
nuimages/train/human/n008-2018-09-13-15-21-54-0400__CAM_FRONT__1536867476912404.jpg 465.6495,1195.2747,596.88635,1412.9426,0 452.00586,1092.5945,562.4285,1284.7642,0 511.59225,-2.1655798,595.25574,148.17497,0 448.63458,1475.6299,504.9637,1597.0267,0 502.86526,105.11837,578.48975,231.49625,0 470.98154,882.65894,535.9142,982.82416,0 474.86398,989.18994,533.27216,1101.5953,0 469.02545,725.05176,511.41315,800.99097,0 474.89987,834.59546,515.1585,911.3966,0 507.6426,208.645,562.0621,281.03653,0 459.06683,1371.5021,501.15433,1499.5619,0 491.43402,362.90213,532.2624,417.36966,0 495.93454,286.18427,537.02234,349.48297,0 472.60672,792.1241,509.6799,861.036,0 502.0577,393.7796,539.90015,433.80438,0 468.8739,947.3238,524.2235,1035.6683,0 502.7234,325.40594,548.7784,391.49442,0 483.8357,1069.3668,544.98224,1152.9583,0 485.98743,468.31818,524.6449,536.8534,0
nuimages/train/human/n015-2018-09-19-11-19-35+0800__CAM_BACK__1537327474387525.jpg 510.30283,77.98779,564.86475,217.94846,0 478.2166,1355.5596,535.4346,1527.2913,0
nuimages/train/human/n013-2018-08-27-11-35-10+0800__CAM_BACK__1535341136687005.jpg 480.7981,843.09674,552.68384,941.64716,0 511.74747,225.8482,552.61255,344.0978,0
nuimages/train/human/n013-2018-09-17-11-33-26+0800__CAM_FRONT_RIGHT__1537155311920176.jpg 470.93774,463.0641,553.1612,681.01434,0 471.22534,613.05225,561.0553,833.5385,0 489.7567,840.03436,550.2332,957.5938,0
nuimages/train/human/n013-2018-09-04-15-31-25+0800__CAM_FRONT_RIGHT__1536046814920176.jpg 440.71246,96.13644,490.97623,251.51614,0 439.97116,193.89156,488.611,290.1108,0 443.0026,3.1610847,501.44128,149.82278,0 405.84283,1500.7017,508.40445,1601.336,0 422.27914,305.32602,491.63208,411.83258,0
nuimages/train/human/n013-2018-08-29-14-19-16+0800__CAM_FRONT_LEFT__1535524493404825.jpg 436.3933,452.77628,479.86505,567.4877,0 438.56128,628.1135,476.27884,742.3637,0
nuimages/train/human/n015-2018-09-05-16-35-11+0800__CAM_BACK_RIGHT__1536137130777893.jpg
nuimages/train/human/n013-2018-08-16-16-15-38+0800__CAM_FRONT_RIGHT__1534407616120176.jpg 452.05518,866.2174,496.97272,969.0201,0
nuimages/train/human/n003-2018-01-03-12-03-23+0800__CAM_FRONT__1514952832794942.jpg 491.62595,6.887722,561.3428,226.83482,0 627.68756,1417.9193,909.755,1597.6129,0 504.28973,-0.58312416,562.3443,89.25466,0
nuimages/train/human/n015-2018-09-11-16-03-43+0800__CAM_FRONT_LEFT__1536653317855191.jpg
nuimages/train/human/n013-2018-08-17-15-46-44+0800__CAM_BACK__1534492327637005.jpg 453.50757,874.0502,487.3388,941.1213,0 457.68527,804.88855,495.02237,844.0903,0
nuimages/train/human/n003-2018-07-19-13-06-40+0800__CAM_FRONT__1531977460512871.jpg 456.27014,611.2986,690.9072,905.54144,0 465.9008,897.77277,507.05682,954.2902,0
nuimages/train/human/n013-2018-09-04-15-31-25+0800__CAM_FRONT__1536046431762407.jpg 467.91586,397.28165,499.94476,482.71027,0 470.6099,314.55127,500.6697,408.064,0 472.7136,477.06696,505.37216,555.86383,0
nuimages/train/human/n013-2018-08-29-14-19-16+0800__CAM_BACK_LEFT__1535524650697155.jpg
nuimages/train/human/n008-2018-06-05-11-43-04-0400__CAM_FRONT__1528214037762465.jpg 372.7751,1121.6665,624.73676,1572.3188,0 449.71042,11.853337,797.0169,230.41222,0 429.3661,987.3066,536.94275,1144.7045,0 443.9619,364.6316,530.43207,462.18896,0 423.05002,919.66284,504.70343,1012.389,0 431.25925,872.2765,471.49957,922.72546,0 458.8153,515.72845,502.0567,574.34894,0 464.81992,278.7273,542.5814,387.22195,0 429.65817,655.7154,464.84952,699.2514,0 402.11078,1463.832,462.21295,1587.7808,0 447.92838,644.0172,482.36987,681.178,0 452.18784,447.31073,510.095,513.0115,0 421.44476,817.72125,455.81674,870.14453,0 428.8953,746.6194,459.5961,780.6414,0 439.04865,542.1332,466.2338,583.5808,0
nuimages/train/human/n003-2018-01-03-14-33-35+0800__CAM_BACK_LEFT__1514961441540851.jpg
nuimages/train/human/n008-2018-07-27-11-24-50-0400__CAM_BACK_LEFT__1532705124647405.jpg
nuimages/train/human/n003-2018-01-08-12-04-22+0800__CAM_FRONT_LEFT__1515384473214317.jpg 423.98563,1524.6155,514.423,1602.5461,0 551.1876,0.99527836,648.94543,263.2724,0 391.89847,1172.9569,493.49142,1274.0673,0
nuimages/train/human/n016-2018-07-05-11-51-25+0800__CAM_FRONT_RIGHT__1530763165670471.jpg 504.78552,730.5912,584.8804,909.38245,0 510.52588,548.2323,578.7002,696.9075,0
nuimages/train/human/n008-2018-05-24-12-02-23-0400__CAM_FRONT_RIGHT__1527178306869956.jpg 425.48053,7.1692944,867.7989,685.91504,0 408.21332,441.14542,467.74658,569.0555,0
nuimages/train/human/n013-2018-09-17-13-23-26+0800__CAM_BACK_RIGHT__1537162467278054.jpg 488.02277,339.3825,567.25824,473.2906,0 511.85452,494.5165,565.07275,555.10223,0
nuimages/train/human/n003-2018-01-03-12-03-23+0800__CAM_BACK_RIGHT__1514952876573487.jpg 492.32654,-86.24306,894.3592,1275.3214,0 458.00006,1.819849,589.2738,239.40337,0
nuimages/train/human/n015-2018-07-11-10-20-49+0800__CAM_FRONT__1531275911612460.jpg 478.04758,890.4785,517.21826,940.58875,0
nuimages/train/human/n009-2018-07-02-13-44-23-0400__CAM_FRONT_LEFT__1530554154855369.jpg 445.65042,1249.0706,504.84152,1376.9965,0 368.35297,69.8225,507.30798,452.1729,0 419.4946,925.8862,535.93726,1045.5466,0 420.1255,406.3774,492.0425,564.2939,0 413.09763,503.9167,467.56494,613.3964,0
nuimages/train/human/n003-2018-07-19-13-06-40+0800__CAM_BACK__1531978054637543.jpg 437.3903,681.47723,484.64523,784.621,0 425.42685,741.73114,477.7767,827.8453,0 438.6548,603.93304,475.83728,669.0718,0 441.3203,398.624,479.9289,519.35583,0 429.64053,808.6273,467.86792,860.486,0
nuimages/train/human/n010-2018-07-23-11-50-54+0800__CAM_FRONT__1532318267162488.jpg 433.84445,2.0170927,593.444,382.78693,0 461.55304,1132.1719,559.6961,1284.2618,0 460.06857,880.47754,493.8921,924.8245,0 436.47528,949.9397,523.5888,1108.4697,0
nuimages/train/human/n015-2018-09-11-16-17-20+0800__CAM_FRONT__1536653922012460.jpg
nuimages/train/human/n014-2018-06-20-21-35-24-0400__CAM_FRONT__1529545371762509.jpg 480.01462,1078.5752,516.3943,1148.4148,0 409.77664,1293.7906,627.4626,1575.0688,0
nuimages/train/human/n003-2018-01-08-12-04-22+0800__CAM_FRONT__1515384303139422.jpg 460.2632,638.55914,651.22235,864.0663,0 451.9513,868.45935,578.5047,1087.6106,0
nuimages/train/human/n016-2018-07-11-14-10-01+0800__CAM_BACK_RIGHT__1531289902627917.jpg
nuimages/train/human/n003-2018-01-04-11-23-25+0800__CAM_BACK__1515036746119544.jpg 421.51605,553.7531,753.59326,908.8067,0
nuimages/train/human/n008-2018-09-18-14-18-33-0400__CAM_FRONT__1537295434162404.jpg 431.3245,1297.8776,887.8468,1578.3507,0 400.70126,578.02985,744.75433,949.4112,0
nuimages/train/human/n006-2018-09-17-12-15-45-0400__CAM_FRONT_RIGHT__1537201230169982.jpg 487.78503,639.2839,695.5279,1043.0994,0 492.62448,289.43823,658.38306,822.7943,0 502.76083,160.69113,633.5049,528.4636,0 467.51532,1340.6387,603.5089,1506.881,0 469.10913,1436.8947,788.0831,1598.4608,0 455.59836,35.32932,594.79944,359.064,0 476.0074,927.1008,598.968,1141.2164,0 482.26202,1.9843221,613.9759,152.12462,0
nuimages/train/human/n008-2018-06-05-11-43-04-0400__CAM_BACK__1528213802387570.jpg 439.68506,103.81018,672.6506,489.6833,0 457.00497,1494.258,508.89725,1595.8767,0 422.98065,428.70087,548.5875,567.35785,0 411.52414,509.8051,507.85815,626.29584,0 438.3386,1321.3325,497.32318,1435.8619,0 427.58118,620.3752,472.65808,674.65784,0 416.74017,983.9715,443.19522,1035.5432,0 437.2625,587.36926,491.1234,646.0058,0
nuimages/train/human/n008-2018-05-30-15-20-59-0400__CAM_BACK__1527709113787570.jpg 396.77734,651.81665,492.65634,761.8514,0 427.54303,826.75,490.2046,925.74365,0
nuimages/train/human/n015-2018-09-13-15-40-27+0800__CAM_FRONT__1536824997362460.jpg
nuimages/train/human/n016-2018-07-10-11-37-19+0800__CAM_BACK_LEFT__1531193958447243.jpg 429.928,1072.4106,564.75073,1298.2819,0 441.04813,1006.634,480.96262,1061.1313,0 437.7054,681.3415,477.59927,729.3744,0 454.78506,945.21063,483.79434,994.43475,0 444.3353,967.13464,476.59732,1014.1047,0
nuimages/train/human/n008-2018-09-14-13-52-24-0400__CAM_BACK__1536947547887558.jpg 454.3917,609.16473,794.6954,979.9108,0 469.00204,965.95544,602.1697,1177.9858,0 454.3413,884.14136,522.81384,1004.3642,0 453.1398,506.94086,498.90665,582.8327,0 447.21344,428.35464,487.1067,494.4664,0
nuimages/train/human/n004-2018-02-23-15-05-17+0800__CAM_BACK__1519369684218019.jpg 457.34744,467.19827,549.0562,582.6514,0 446.02966,746.4357,525.14716,826.00977,0
nuimages/train/human/n008-2018-09-12-09-40-16-0400__CAM_FRONT_RIGHT__1536760289770482.jpg 543.2279,919.842,605.00494,1182.7368,0
nuimages/train/human/n008-2018-07-31-15-02-23-0400__CAM_BACK__1533063963637558.jpg 461.22418,682.7593,613.6756,849.0673,0 465.2475,943.74884,498.66333,993.9587,0
nuimages/train/human/n013-2018-08-23-10-53-46+0800__CAM_FRONT_RIGHT__1534993065770176.jpg 481.65747,996.48,588.318,1234.5533,0
nuimages/train/human/n013-2018-08-01-11-40-19+0800__CAM_FRONT__1533095258112407.jpg 477.75967,750.68207,519.58795,797.31006,0
nuimages/train/human/n015-2018-07-13-10-42-25+0800__CAM_BACK_LEFT__1531450061697423.jpg
nuimages/train/human/n013-2018-08-15-10-43-15+0800__CAM_FRONT_RIGHT__1534301617870176.jpg 408.8663,247.30482,533.9821,488.9557,0
nuimages/train/human/n016-2018-07-05-17-39-27+0800__CAM_BACK_RIGHT__1530784178177924.jpg 447.75922,882.68164,550.02344,1040.446,0 469.794,997.3621,543.37537,1204.7802,0 475.3016,626.75,548.8815,778.7104,0 474.8911,553.1768,527.8833,619.92365,0 471.54242,800.46405,524.2326,869.0109,0 485.9968,1235.2906,544.46893,1327.4456,0 464.56644,763.8451,489.09683,811.10364,0 470.357,739.0093,509.26898,804.2431,0
nuimages/train/human/n016-2018-07-11-11-57-32+0800__CAM_FRONT__1531281917162515.jpg 449.46054,302.87766,655.90826,572.9931,0 462.21027,661.80505,504.15015,708.8698,0
nuimages/train/human/n016-2018-07-05-17-39-27+0800__CAM_FRONT__1530784172412515.jpg 485.8681,1082.3615,803.1728,1594.1675,0 477.6646,1076.138,568.3645,1218.3464,0 409.68817,195.90349,465.60547,312.80917,0 391.665,52.470398,463.059,210.64401,0
nuimages/train/human/n010-2018-07-03-15-04-38+0800__CAM_FRONT__1530602023512488.jpg 444.8307,630.2392,694.28125,922.27313,0 421.04742,13.691294,476.35684,193.28531,0 460.83548,1361.5718,508.7968,1491.5162,0 445.46326,909.23254,480.64514,1020.1647,0 445.12665,1255.8973,502.54126,1390.7247,0 435.1072,186.74954,481.00827,320.01468,0 419.61078,224.41101,460.55524,337.01505,0
nuimages/train/human/n008-2018-09-10-15-24-40-0400__CAM_BACK_LEFT__1536608053397405.jpg 465.22217,332.64563,605.6942,666.58496,0 512.5777,1125.7432,556.38525,1187.4718,0 503.14346,0.6131947,575.7541,70.45754,0
nuimages/train/human/n016-2018-07-10-15-58-04+0800__CAM_BACK__1531209574037551.jpg 484.48993,817.27277,558.1027,904.04034,0 444.36093,940.7206,527.6243,1014.55383,0 485.23962,658.4803,519.2687,703.2251,0
nuimages/train/human/n010-2018-08-27-15-10-53+0800__CAM_FRONT__1535354173762488.jpg 452.86353,1314.325,557.053,1528.7095,0
nuimages/train/human/n008-2018-06-05-11-43-04-0400__CAM_FRONT__1528214454262465.jpg 422.56662,249.78314,560.6285,624.11383,0 409.06085,786.1567,514.784,1069.6184,0 418.09857,1286.1891,475.26163,1446.979,0 249.65787,1024.3683,308.1015,1123.5741,0
nuimages/train/human/n015-2018-09-05-14-42-03+0800__CAM_BACK_LEFT__1536130082047423.jpg 850.26764,682.5143,898.69525,873.1774,0 406.2478,230.81363,456.91086,365.26492,0
nuimages/train/human/n004-2018-07-05-17-15-40+0800__CAM_FRONT__1530782684262419.jpg
nuimages/train/human/n005-2018-07-10-17-07-39+0800__CAM_FRONT__1531213855862416.jpg 469.47162,608.06,534.4093,797.15344,0 482.2748,866.9506,534.0084,947.02527,0 258.0048,6.811714,900.02026,534.5074,0
nuimages/train/human/n008-2018-09-14-13-52-24-0400__CAM_FRONT_LEFT__1536947725254799.jpg 465.29733,729.81433,844.89954,1422.0256,0 443.5853,6.2191725,536.70233,212.49042,0
nuimages/train/human/n016-2018-07-06-12-27-13+0800__CAM_BACK_RIGHT__1530852081427917.jpg
nuimages/train/human/n013-2018-09-03-15-16-32+0800__CAM_BACK_RIGHT__1535959320628054.jpg 506.56247,1466.0837,631.7106,1595.0724,0
nuimages/train/human/n008-2018-05-30-15-20-59-0400__CAM_BACK_LEFT__1527709089647295.jpg 398.09558,5.284357,600.956,274.24582,0 428.99524,662.59735,550.9317,888.50964,0 418.62753,459.95096,479.00894,538.58044,0 409.8258,300.347,449.5836,355.7136,0 416.07504,384.30984,474.52576,461.52182,0 399.08936,210.65288,436.2821,261.26932,0
nuimages/train/human/n008-2018-09-14-13-40-23-0400__CAM_FRONT__1536947359862404.jpg 463.5562,1324.9502,582.38196,1593.7174,0 493.99692,22.537529,548.4365,143.99368,0 482.75305,1068.6848,512.064,1126.21,0 468.51678,941.1655,510.86414,990.4707,0 485.80084,1020.79565,523.4181,1080.1924,0 471.5581,1162.7649,523.71484,1293.1749,0 482.80566,1103.5353,523.9598,1201.1198,0
nuimages/train/human/n016-2018-07-10-11-37-19+0800__CAM_FRONT_LEFT__1531194052754817.jpg
nuimages/train/human/n004-2018-07-03-16-14-28+0800__CAM_FRONT_LEFT__1530606432005062.jpg 365.39056,733.6026,409.9145,834.8884,0 306.20746,1477.3999,417.58942,1598.6455,0
nuimages/train/human/n003-2018-07-12-15-40-35+0800__CAM_FRONT_RIGHT__1531381326920363.jpg 524.6042,577.992,575.7474,696.9373,0 445.0781,313.40866,554.80725,427.74686,0
nuimages/train/human/n004-2018-07-05-17-15-40+0800__CAM_BACK_LEFT__1530782190197602.jpg 445.64413,7.7751875,887.1733,798.88916,0 432.95917,687.0845,894.932,1333.343,0 458.84668,1408.5085,541.01154,1524.9832,0 451.19928,608.6965,512.86176,762.1312,0 431.82407,24.31345,629.1812,470.90826,0 432.4787,1441.363,899.8125,1597.709,0 445.99878,430.20535,533.84766,686.95776,0 435.4715,816.0007,538.9141,1122.5117,0 460.7094,783.85785,513.3386,889.25104,0
nuimages/train/human/n015-2018-07-11-10-50-03+0800__CAM_BACK__1531277999787525.jpg 468.01285,1025.2211,548.73804,1189.5037,0 483.63864,789.8332,514.73413,825.7417,0
nuimages/train/human/n015-2018-09-05-10-54-58+0800__CAM_BACK_LEFT__1536116345947423.jpg 282.09647,1144.303,376.84558,1318.1013,0 510.07703,1156.528,551.2422,1302.9226,0
nuimages/train/human/n013-2018-08-01-11-40-19+0800__CAM_FRONT__1533095385512407.jpg 502.47855,1169.5929,557.74286,1293.2031,0 482.06125,864.6837,514.60223,918.54803,0
nuimages/train/human/n016-2018-07-06-11-33-51+0800__CAM_BACK_RIGHT__1530848498527917.jpg 507.6176,532.34216,562.65546,724.5354,0
nuimages/train/human/n015-2018-09-19-12-17-39+0800__CAM_FRONT_RIGHT__1537331286620339.jpg 499.61893,573.39734,596.0001,690.2169,0 489.23697,520.45276,570.5377,612.2972,0 509.90768,491.11694,549.5064,549.99384,0
nuimages/train/human/n013-2018-07-31-12-08-43+0800__CAM_BACK__1533010266787005.jpg 451.8327,179.10977,602.59326,428.6347,0 463.47424,511.06177,534.5016,627.15027,0 417.27463,66.69046,460.7082,183.32054,0 461.19962,811.7258,520.128,887.32245,0
nuimages/train/human/n013-2018-07-31-11-08-29+0800__CAM_FRONT__1533006947112948.jpg 503.88184,1492.0101,533.70496,1572.369,0
nuimages/train/human/n016-2018-09-05-11-24-47+0800__CAM_FRONT__1536117989862515.jpg 437.48944,989.9683,581.30853,1179.8063,0 465.7525,881.3789,510.06894,942.4011,0 500.31738,1450.4652,650.679,1587.5265,0 452.7232,804.8584,496.1367,855.6312,0 463.24573,967.2619,528.3168,1037.9292,0
nuimages/train/human/n013-2018-09-03-14-54-42+0800__CAM_BACK__1535957901437005.jpg 484.12906,805.0335,580.82654,942.9089,0
nuimages/train/human/n013-2018-08-28-10-38-23+0800__CAM_BACK_RIGHT__1535423937878054.jpg
nuimages/train/human/n008-2018-06-05-11-43-04-0400__CAM_FRONT_LEFT__1528213791604917.jpg 445.66675,649.60345,665.4967,1097.6003,0 455.41522,1310.6978,714.2132,1602.6743,0
nuimages/train/human/n004-2018-01-05-11-39-57+0800__CAM_FRONT__1515123972279163.jpg 493.73322,1105.5927,533.8897,1173.771,0 463.80087,537.1117,498.38293,586.3402,0 473.6371,614.97253,505.99976,658.1531,0 476.76727,556.425,506.55276,603.4909,0
nuimages/train/human/n009-2018-07-02-14-16-43-0400__CAM_FRONT_LEFT__1530556106255369.jpg 522.8603,755.38586,794.80084,1352.5908,0 499.32104,4.85276,593.5684,56.36623,0
nuimages/train/human/n014-2018-07-31-14-50-02-0400__CAM_BACK__1533063053537420.jpg 439.71732,2.3766994,788.7297,183.73062,0 462.69565,1066.249,569.04095,1261.2278,0 491.7903,1270.1254,550.02966,1347.6635,0 496.5431,1365.1422,535.8586,1474.9618,0
nuimages/train/human/n013-2018-08-27-12-23-18+0800__CAM_BACK__1535344058637005.jpg 489.92307,845.6221,542.40497,936.3657,0
nuimages/train/human/n016-2018-07-09-17-04-04+0800__CAM_FRONT__1531127113862515.jpg 491.36502,1171.0286,593.33575,1330.4443,0
nuimages/train/human/n013-2018-09-03-15-28-27+0800__CAM_FRONT_LEFT__1535960107754825.jpg 506.33572,775.73785,553.4793,893.3562,0
nuimages/train/human/n013-2018-09-04-15-31-25+0800__CAM_BACK_RIGHT__1536047070278054.jpg 539.4652,761.23303,706.1243,1224.491,0 529.63135,1499.5573,648.9639,1595.3953,0
nuimages/train/human/n010-2018-07-09-15-52-17+0800__CAM_FRONT__1531123053862488.jpg
nuimages/train/human/n015-2018-09-18-17-12-01+0800__CAM_FRONT_LEFT__1537262058904844.jpg
nuimages/train/human/n008-2018-05-30-15-20-59-0400__CAM_FRONT_LEFT__1527709242854917.jpg 437.89987,1520.8215,491.01822,1603.0344,0 431.6434,1011.3407,479.38275,1111.2441,0 454.52307,1143.0948,497.75125,1250.3103,0 439.13184,1209.3011,484.22983,1283.8613,0 435.08783,1134.8971,475.40433,1212.6353,0
nuimages/train/human/n013-2018-08-27-11-35-10+0800__CAM_FRONT__1535340977762407.jpg 500.1879,822.4572,537.49396,871.6048,0
nuimages/train/human/n015-2018-09-19-12-17-39+0800__CAM_FRONT_RIGHT__1537331300120339.jpg 499.97372,935.81006,561.8053,1021.1029,0 437.7853,635.0521,627.7479,929.16144,0 518.7729,1442.5968,561.3324,1552.6348,0
nuimages/train/human/n013-2018-08-17-16-34-06+0800__CAM_BACK_LEFT__1534495414397155.jpg 394.486,855.00964,435.00977,898.1264,0
nuimages/train/human/n015-2018-09-19-11-19-35+0800__CAM_BACK_LEFT__1537327470547423.jpg 483.1121,1516.632,584.6496,1596.1655,0 448.26053,690.0175,537.2998,840.0028,0 494.7874,222.75763,573.76654,468.1506,0 500.07684,441.0471,552.4812,566.7833,0
nuimages/train/human/n008-2018-05-30-15-20-59-0400__CAM_BACK_LEFT__1527708102797295.jpg 467.89297,5.2630305,529.02545,103.765724,0 476.84485,163.5025,533.8199,289.71167,0 471.15887,95.881744,524.8741,180.87141,0
nuimages/train/human/n015-2018-09-05-11-47-58+0800__CAM_FRONT_LEFT__1536120415104844.jpg 463.02985,734.52924,549.1907,849.7384,0 439.6569,462.22382,503.15097,554.38654,0 432.55386,554.6409,468.92825,603.2343,0
nuimages/train/human/n009-2018-09-12-09-07-31-0400__CAM_BACK_RIGHT__1536758698528088.jpg 416.05997,1247.7356,471.4419,1356.3757,0 425.00824,1167.7261,458.46732,1240.5754,0 427.6529,1096.8597,458.30365,1176.9291,0
nuimages/train/human/n003-2018-07-19-13-06-40+0800__CAM_BACK__1531977433137543.jpg 414.7816,1155.9001,506.82758,1293.1055,0 402.45145,1108.3389,459.61884,1218.2566,0 414.846,861.491,455.79742,978.0638,0 406.86664,798.3554,441.01697,843.78674,0 409.0084,1371.5363,447.5028,1445.7726,0 448.96286,3.5422683,537.84656,64.2831,0 415.96884,721.7979,440.83063,771.48975,0
nuimages/train/human/n008-2018-05-24-12-02-23-0400__CAM_FRONT__1527178548662465.jpg 419.68182,1039.948,536.44855,1351.6671,0 426.17056,306.53464,473.95273,398.05283,0
nuimages/train/human/n013-2018-08-27-12-23-18+0800__CAM_FRONT__1535343879762407.jpg 490.0575,885.4781,536.3582,945.7776,0 475.7668,984.1368,537.0514,1039.4193,0 482.66095,823.61896,510.9722,869.2235,0
nuimages/train/human/n013-2018-09-04-13-30-50+0800__CAM_FRONT_RIGHT__1536039720620176.jpg
nuimages/train/human/n003-2018-01-08-11-30-34+0800__CAM_FRONT_LEFT__1515382637895637.jpg 421.91653,897.08405,504.3775,1055.5397,0 420.83804,1017.6135,487.20966,1184.9115,0
nuimages/train/human/n008-2018-07-27-12-27-03-0400__CAM_BACK__1532708834637558.jpg 448.78275,1389.8583,581.9789,1595.9819,0 497.86862,1523.246,604.2075,1603.143,0 467.78906,767.6712,548.2437,854.89636,0 446.6466,1195.4218,548.04193,1357.8568,0 459.38193,1265.8729,556.70233,1482.195,0 467.26837,365.27945,547.0626,470.4679,0 411.60123,12.836039,674.186,159.29228,0
nuimages/train/human/n010-2018-07-09-16-07-20+0800__CAM_BACK_LEFT__1531123712947633.jpg 444.2294,1362.6559,516.68726,1525.1644,0
nuimages/train/human/n010-2018-09-13-13-47-17+0800__CAM_BACK_RIGHT__1536818467127423.jpg 546.203,200.94907,615.6382,313.01572,0
nuimages/train/human/n016-2018-07-11-16-50-41+0800__CAM_BACK_LEFT__1531299256947243.jpg 433.88586,758.84235,476.5961,820.97614,0 417.7126,966.85974,456.66385,1013.51044,0
nuimages/train/human/n016-2018-07-05-11-51-25+0800__CAM_BACK_RIGHT__1530763172377917.jpg 461.6838,1209.788,548.7052,1442.0549,0 473.21936,936.96204,562.80414,1087.7582,0 495.40775,527.53485,531.50323,577.75775,0 465.93634,1152.7028,515.2315,1236.3566,0
nuimages/train/human/n006-2018-09-17-14-44-43-0400__CAM_BACK_LEFT__1537210362447232.jpg 472.31888,53.350353,873.68805,950.0785,0 433.09705,676.20123,458.35196,721.3079,0 415.55566,676.9514,441.07437,720.4213,0 433.96796,745.7911,458.8745,794.63214,0
nuimages/train/human/n016-2018-07-05-16-35-22+0800__CAM_FRONT__1530780050612515.jpg 466.6541,4.5809507,578.83386,174.6888,0
nuimages/train/human/n013-2018-08-03-14-44-49+0800__CAM_FRONT__1533278736762407.jpg 493.5283,802.9629,530.14325,842.38245,0 489.26892,819.57446,515.0441,847.89075,0
nuimages/train/human/n016-2018-09-04-14-24-15+0800__CAM_BACK__1536042956287551.jpg
nuimages/train/human/n008-2018-06-05-11-43-04-0400__CAM_FRONT__1528214426112465.jpg 426.30057,631.42194,527.51746,755.4601,0 414.77188,434.09128,455.1342,535.8199,0 432.71082,218.17084,466.69666,326.2375,0
nuimages/train/human/n015-2018-09-05-12-12-46+0800__CAM_FRONT_LEFT__1536121493654844.jpg 461.1635,77.14189,661.57794,349.5181,0 461.9797,312.60196,578.9416,532.6355,0
nuimages/train/human/n005-2018-06-14-20-11-03+0800__CAM_BACK__1528978409637591.jpg 438.20554,1125.8688,499.91907,1230.1616,0
nuimages/train/human/n013-2018-08-01-16-46-39+0800__CAM_FRONT_RIGHT__1533113519520176.jpg
nuimages/train/human/n016-2018-07-05-16-35-22+0800__CAM_FRONT_LEFT__1530780053654817.jpg 448.3939,239.81366,537.4071,349.1121,0 442.87604,55.22201,538.1068,275.2073,0 429.6187,-0.20228028,506.22302,76.1326,0 446.25284,634.4391,485.79355,685.1973,0 440.01004,315.1907,506.44623,417.0476,0
nuimages/train/human/n015-2018-09-05-12-12-46+0800__CAM_FRONT__1536121018912460.jpg 456.05225,7.3619184,537.41376,89.58302,0
nuimages/train/human/n015-2018-09-13-15-25-57+0800__CAM_BACK_RIGHT__1536823842877893.jpg
nuimages/train/human/n013-2018-07-31-12-08-43+0800__CAM_FRONT__1533010271012407.jpg 517.2774,1539.5033,598.18604,1600.5582,0 497.5616,958.01495,530.94794,1005.7132,0
nuimages/train/human/n016-2018-07-10-15-28-44+0800__CAM_BACK__1531208243037551.jpg 480.31284,1153.4418,562.4054,1274.6974,0 467.97144,1398.4949,528.2463,1520.6571,0
nuimages/train/human/n006-2018-09-17-12-15-45-0400__CAM_BACK_LEFT__1537201060147232.jpg 468.06863,226.33878,527.3899,358.5452,0
nuimages/train/human/n015-2018-07-12-15-24-30+0800__CAM_FRONT__1531380754512460.jpg 465.07965,799.7786,505.1775,846.05084,0
nuimages/train/human/n010-2018-07-03-16-05-53+0800__CAM_FRONT__1530605788012488.jpg 415.6634,1200.8856,558.2185,1421.7607,0 444.97836,109.96108,509.06824,229.31653,0 444.80344,919.8303,474.00464,960.74066,0
nuimages/train/human/n015-2018-07-11-15-35-53+0800__CAM_FRONT__1531295116512460.jpg 491.6248,0.7571459,800.8858,208.5105,0 462.08463,887.5778,503.97775,976.75574,0 468.73737,768.99615,503.9009,832.44464,0
nuimages/train/human/n013-2018-08-20-15-15-12+0800__CAM_BACK__1534749628137005.jpg 478.83246,231.91342,588.62964,442.3783,0 471.19513,729.9961,551.6806,848.33356,0
nuimages/train/human/n013-2018-08-17-16-34-06+0800__CAM_FRONT__1534495149612407.jpg
nuimages/train/human/n013-2018-08-28-16-15-21+0800__CAM_FRONT__1535444395862407.jpg 475.66843,386.3628,638.3326,617.3922,0 467.71313,768.6642,504.13016,816.18024,0 469.6576,710.10486,505.51273,763.43286,0
nuimages/train/human/n015-2018-07-11-10-20-49+0800__CAM_BACK__1531275905387525.jpg 494.99985,658.4657,624.7003,801.3173,0
nuimages/train/human/n008-2018-08-03-10-55-59-0400__CAM_FRONT_RIGHT__1533308161770482.jpg 440.69736,28.810715,610.5021,347.10373,0 341.99973,1045.7834,830.226,1583.218,0 457.73206,-2.5630713,533.7907,146.92256,0 436.55496,1024.1858,600.1746,1292.8134,0 437.75464,1059.6869,479.68143,1166.5853,0
nuimages/train/human/n014-2018-07-31-14-50-02-0400__CAM_FRONT_RIGHT__1533064050770182.jpg 410.73953,501.78662,868.776,1621.7502,0 484.70248,94.85306,573.5103,328.88397,0 471.73022,242.29283,555.60205,425.1864,0 490.0778,465.5486,629.231,703.61926,0 501.1875,587.90515,551.8869,726.5334,0
nuimages/train/human/n009-2018-07-03-14-56-44-0400__CAM_BACK__1530644902038304.jpg 392.68533,743.49854,537.2475,874.4626,0 420.8427,1105.7179,510.99026,1262.9639,0 454.7935,1471.2754,598.21246,1593.0765,0 423.63934,911.0406,470.99442,967.9122,0 411.35675,1081.1414,446.39224,1132.7313,0
nuimages/train/human/n015-2018-09-11-15-08-22+0800__CAM_FRONT__1536650078262460.jpg 484.19238,285.72263,536.8525,473.62186,0 463.54092,8.314037,520.67993,180.872,0
nuimages/train/human/n013-2018-08-17-15-46-44+0800__CAM_BACK_RIGHT__1534492642278054.jpg 531.31555,473.52295,574.8431,542.21545,0
nuimages/train/human/n003-2018-01-08-12-04-22+0800__CAM_BACK__1515384393488218.jpg 439.05472,743.14795,557.17523,884.69574,0 436.49268,892.0671,469.56934,941.5139,0
nuimages/train/human/n008-2018-05-21-11-06-59-0400__CAM_FRONT_LEFT__1526915681754917.jpg 254.879,581.6104,619.88214,980.41504,0 370.0073,866.10565,501.17157,1100.8049,0 424.06558,1365.2657,502.1754,1489.8074,0 423.69247,1480.0577,486.53415,1593.0975,0
nuimages/train/human/n010-2018-07-03-15-04-38+0800__CAM_BACK__1530601549437257.jpg 444.21173,804.22955,529.9733,879.70465,0 400.37253,618.7959,452.24866,684.4035,0 393.87012,536.93427,455.12274,602.6103,0
nuimages/train/human/n016-2018-07-03-11-33-38+0800__CAM_BACK_RIGHT__1530588999527927.jpg 490.76495,1474.0166,555.2101,1602.6051,0 499.49887,1241.41,575.15,1362.6418,0 480.30038,118.553375,543.52264,339.29437,0 514.1164,993.88086,548.9392,1040.1157,0
nuimages/train/human/n016-2018-07-10-13-36-03+0800__CAM_FRONT__1531201050162515.jpg 487.43558,1015.626,612.36774,1258.8712,0 457.58356,679.8506,514.288,759.8921,0 475.9542,937.33246,558.6925,1043.2706,0 458.04205,841.6254,486.66565,900.1734,0
nuimages/train/human/n003-2018-01-04-10-39-40+0800__CAM_FRONT_LEFT__1515033690482660.jpg
nuimages/train/human/n013-2018-08-27-11-35-10+0800__CAM_FRONT_LEFT__1535340991254825.jpg
nuimages/train/human/n003-2018-07-19-13-06-40+0800__CAM_FRONT__1531977431662871.jpg 443.36136,673.154,490.1772,734.88074,0 464.77145,1067.7043,511.64316,1163.792,0 467.72458,973.53046,503.69803,1022.5669,0 270.18948,668.3294,315.52417,833.05273,0 268.10797,847.76276,341.66028,1080.7012,0
nuimages/train/human/n013-2018-08-02-13-54-05+0800__CAM_BACK__1533189414437005.jpg
nuimages/train/human/n013-2018-09-04-15-31-25+0800__CAM_FRONT_RIGHT__1536046819370176.jpg 470.27353,869.07825,509.85608,931.5489,0
nuimages/train/human/n008-2018-09-10-15-35-42-0400__CAM_BACK__1536608390287558.jpg 450.31274,720.3087,548.9517,829.9942,0 330.03122,1394.696,710.4741,1602.9966,0
nuimages/train/human/n016-2018-07-04-11-04-28+0800__CAM_BACK_LEFT__1530673540147243.jpg 436.32187,1235.5902,475.22656,1308.9814,0
nuimages/train/human/n008-2018-09-10-17-01-47-0400__CAM_FRONT_LEFT__1536613826904799.jpg 468.52377,834.956,504.02216,921.7018,0 438.40958,986.3722,531.62396,1289.5688,0
nuimages/train/human/n015-2018-09-05-16-35-11+0800__CAM_FRONT_LEFT__1536137143904844.jpg 438.79486,1342.8281,482.1874,1442.2,0 455.08203,892.432,485.9961,936.6028,0 428.11163,1532.84,491.0197,1603.8357,0
nuimages/train/human/n005-2018-06-14-20-11-03+0800__CAM_FRONT_LEFT__1528978328854901.jpg 591.2872,6.9033623,874.63684,573.4367,0
nuimages/train/human/n015-2018-09-05-16-35-11+0800__CAM_FRONT_RIGHT__1536136835520346.jpg
nuimages/train/human/n016-2018-09-04-14-24-15+0800__CAM_FRONT__1536043082012515.jpg
nuimages/train/human/n013-2018-09-17-13-23-26+0800__CAM_FRONT_RIGHT__1537162372620176.jpg 513.1817,579.94385,550.7939,691.2426,0
nuimages/train/human/n013-2018-08-21-16-41-55+0800__CAM_BACK__1534841056687005.jpg 468.79208,676.9352,592.0982,826.28467,0 473.58487,905.33215,568.2136,1049.2714,0 490.06265,1529.9717,514.6551,1586.7893,0
nuimages/train/human/n004-2018-07-03-16-14-28+0800__CAM_FRONT_LEFT__1530606409505062.jpg 510.40765,364.2134,663.2122,703.7769,0 509.7608,854.8674,625.72406,1049.5863,0 419.96768,544.21747,458.74277,634.6046,0 449.40988,853.46643,502.55478,968.2438,0 493.12015,1096.3112,573.033,1353.0354,0 485.57877,1494.5068,549.2282,1599.8722,0
nuimages/train/human/n013-2018-07-31-11-08-29+0800__CAM_FRONT__1533006837012407.jpg 490.8795,451.1777,556.9854,541.2187,0 377.64426,973.0665,702.62286,1502.9669,0
nuimages/train/human/n008-2018-06-05-11-43-04-0400__CAM_FRONT__1528214242012465.jpg 440.16418,115.377426,509.41913,258.0335,0 443.9684,833.1642,480.66104,892.3916,0 438.63934,332.23767,490.25235,395.38702,0 431.12604,472.93784,462.17743,549.9066,0 436.6196,260.99762,488.7098,368.55005,0 434.74643,427.137,462.90704,488.73206,0 431.75287,650.3436,459.45322,710.41345,0
nuimages/train/human/n008-2018-09-10-17-01-47-0400__CAM_FRONT__1536613844362404.jpg 469.13937,822.57025,502.94446,869.66113,0 483.56586,756.0818,509.13718,793.2699,0
nuimages/train/human/n003-2018-01-08-11-30-34+0800__CAM_BACK_RIGHT__1515382656611092.jpg 641.6186,620.8815,674.3202,743.47284,0 480.2798,542.01965,521.95197,641.39996,0
nuimages/train/human/n009-2018-09-12-09-07-31-0400__CAM_FRONT_LEFT__1536758451255369.jpg 487.47678,1402.8143,705.3522,1573.7549,0 438.54858,0.23829937,912.60486,292.38657,0
nuimages/train/human/n006-2018-09-17-13-36-40-0400__CAM_BACK__1537206388537532.jpg 395.2502,677.4718,533.33527,820.14856,0 438.173,1061.4431,461.5711,1111.4352,0
nuimages/train/human/n013-2018-09-17-11-33-26+0800__CAM_FRONT__1537155974262407.jpg 519.182,1333.5148,775.9853,1601.5143,0
nuimages/train/human/n013-2018-08-17-12-00-39+0800__CAM_BACK__1534478763637005.jpg 463.98514,885.03125,527.8087,954.3574,0 484.2312,888.6486,515.5309,929.84503,0 463.03275,1134.3123,505.76593,1214.564,0 476.08,842.60767,506.19647,882.4358,0
nuimages/train/human/n015-2018-09-06-15-01-40+0800__CAM_BACK__1536217486287525.jpg 480.75604,756.48254,581.1034,866.6605,0
nuimages/train/human/n008-2018-05-24-12-02-23-0400__CAM_BACK_RIGHT__1527178899127813.jpg 509.18182,117.214134,584.34503,312.5226,0 490.02402,11.266589,608.6163,119.086136,0
nuimages/train/human/n008-2018-06-06-10-43-05-0400__CAM_FRONT_LEFT__1528296576854917.jpg 383.35034,989.328,816.4818,1580.626,0 410.90128,1.4266968,897.9819,972.14307,0 455.52405,791.8454,553.88947,1052.7657,0 439.02893,696.21686,497.03543,788.47705,0 433.84576,788.7665,483.06857,900.48926,0
nuimages/train/human/n013-2018-08-02-16-01-31+0800__CAM_FRONT_RIGHT__1533197328620176.jpg
nuimages/train/human/n013-2018-08-29-14-19-16+0800__CAM_BACK_LEFT__1535524494547155.jpg 375.64252,86.69375,533.36993,417.20544,0 358.47977,1177.9478,421.43185,1434.1963,0 378.0965,1488.8848,425.3637,1575.7653,0
nuimages/train/human/n013-2018-07-31-15-37-08+0800__CAM_BACK__1533022995387005.jpg 476.18765,673.2123,698.02545,973.1222,0
nuimages/train/human/n013-2018-09-13-12-17-19+0800__CAM_FRONT_RIGHT__1536813386020176.jpg
nuimages/train/human/n013-2018-09-11-14-03-37+0800__CAM_BACK__1536645973537005.jpg 471.4251,447.82993,625.5231,755.2573,0
nuimages/train/human/n016-2018-07-10-11-22-35+0800__CAM_BACK__1531193267887551.jpg 485.6102,674.3413,624.21497,838.60895,0 456.24933,895.22,584.9604,1037.0245,0 480.27075,805.40234,510.41504,845.694,0 474.2491,170.46458,524.3328,279.47208,0
nuimages/train/human/n013-2018-07-31-13-56-46+0800__CAM_FRONT__1533016721762407.jpg 482.46573,582.54004,594.01807,709.67114,0 463.43625,495.829,513.68304,602.2362,0
nuimages/train/human/n016-2018-07-05-17-39-27+0800__CAM_FRONT_RIGHT__1530783782270471.jpg 515.695,839.4369,659.7852,1113.7144,0 491.77454,367.17862,757.67676,976.732,0
nuimages/train/human/n013-2018-08-27-11-35-10+0800__CAM_BACK__1535341279787005.jpg 489.88434,723.0252,575.4644,834.8937,0 452.05908,187.5548,507.78293,319.60416,0 477.18152,885.4904,511.56293,930.3627,0
nuimages/train/human/n006-2018-09-17-13-36-40-0400__CAM_FRONT__1537206193512482.jpg 396.903,1146.2863,588.78156,1392.9026,0 495.8718,5.699134,793.0648,285.10715,0 451.81973,606.5205,493.18173,666.5027,0 455.55743,725.2824,484.87762,772.1824,0
nuimages/train/human/n013-2018-09-17-11-21-06+0800__CAM_BACK_RIGHT__1537155179378054.jpg 440.47473,1176.959,568.1633,1328.4365,0 481.0221,963.9733,514.9105,1011.30035,0 462.12198,119.35418,514.8716,241.76569,0
nuimages/train/human/n016-2018-07-11-16-09-47+0800__CAM_BACK_RIGHT__1531296663277917.jpg 446.73328,1093.0477,560.4858,1218.7378,0 459.29074,1496.0369,503.81693,1574.393,0
nuimages/train/human/n016-2018-07-10-15-58-04+0800__CAM_FRONT_LEFT__1531209735254817.jpg 399.71866,525.67377,513.3116,706.83136,0
nuimages/train/human/n008-2018-05-24-12-02-23-0400__CAM_BACK_RIGHT__1527178209277813.jpg 426.11804,635.37366,469.13757,769.96533,0 392.67133,415.90875,416.55478,488.66724,0 392.19296,302.90732,430.51886,425.98657,0 402.68643,405.62476,433.76303,494.37695,0
nuimages/train/human/n016-2018-09-10-11-32-09+0800__CAM_BACK_RIGHT__1536550574127917.jpg 507.53238,6.125018,641.77905,104.3062,0
nuimages/train/human/n015-2018-09-05-14-42-03+0800__CAM_BACK__1536130186287538.jpg 493.52045,762.57837,589.04376,885.61896,0 484.62387,870.4371,513.7639,923.73676,0 495.51837,852.07684,530.76733,903.80084,0
nuimages/train/human/n015-2018-09-05-11-47-58+0800__CAM_FRONT_RIGHT__1536120427020339.jpg
nuimages/train/human/n013-2018-08-29-14-19-16+0800__CAM_BACK__1535524777637005.jpg 464.69415,359.14426,567.289,509.3021,0 501.6971,6.835425,580.815,177.897,0 435.90082,189.33539,493.9334,305.20593,0 446.39835,101.5291,492.88446,204.60257,0 476.2842,812.106,512.3108,860.8512,0 439.95532,2.9237747,508.1787,97.49433,0
nuimages/train/human/n008-2018-05-16-15-08-58-0400__CAM_BACK_RIGHT__1526498065277813.jpg 437.38907,1122.8062,519.57904,1365.3694,0 436.4466,1344.376,518.0834,1524.8171,0 440.56592,1474.9924,566.5184,1598.3169,0 441.8971,1000.9237,522.2034,1131.6417,0 419.89203,511.3238,469.31088,583.97296,0 433.31924,614.4977,463.21112,680.416,0 434.27798,566.02075,470.7766,619.9463,0 427.8641,696.1548,476.99487,771.3491,0
nuimages/train/human/n015-2018-09-05-16-46-15+0800__CAM_BACK_LEFT__1536137249797423.jpg
nuimages/train/human/n013-2018-08-27-14-41-26+0800__CAM_FRONT_LEFT__1535352509004825.jpg 427.69788,1511.7567,520.14136,1580.3988,0
nuimages/train/human/n016-2018-07-05-11-09-55+0800__CAM_FRONT_RIGHT__1530760676920471.jpg 465.58374,856.5462,507.9472,932.5109,0
nuimages/train/human/n010-2018-07-05-15-05-52+0800__CAM_FRONT__1530774685112488.jpg
nuimages/train/human/n016-2018-07-06-12-27-13+0800__CAM_BACK__1530851397887551.jpg 453.63492,687.138,836.06226,1092.8806,0 478.291,196.42134,541.2204,326.26505,0 486.38803,155.80225,514.3854,227.64651,0 492.63242,67.28639,531.6913,139.75089,0
nuimages/train/human/n006-2018-09-17-14-44-43-0400__CAM_BACK_LEFT__1537210719897232.jpg 447.07318,556.3541,586.9536,770.8925,0 400.71274,1049.3076,524.5589,1162.2722,0 452.8499,835.25116,500.2293,896.3925,0 441.91522,743.95026,494.12497,801.945,0 454.70578,771.9671,503.36728,821.20935,0
nuimages/train/human/n014-2018-07-31-14-50-02-0400__CAM_BACK__1533063391637420.jpg 522.17236,328.44333,547.30194,374.21826,0
nuimages/train/human/n013-2018-07-30-11-30-59+0800__CAM_BACK_LEFT__1532921571397155.jpg 412.6057,742.99585,489.11508,825.87354,0
nuimages/train/human/n014-2018-06-25-21-03-46-0400__CAM_FRONT_LEFT__1529975717354899.jpg 489.18784,1242.581,542.35803,1364.535,0 472.26743,954.55914,574.4658,1202.5671,0
nuimages/train/human/n016-2018-07-10-15-58-04+0800__CAM_BACK__1531209862287551.jpg 493.36752,798.0005,522.27655,844.6691,0 513.4761,1052.7871,567.6868,1126.2715,0
nuimages/train/human/n008-2018-06-05-11-43-04-0400__CAM_FRONT__1528214534362465.jpg 425.01547,751.2692,495.25714,837.7453,0 443.03317,8.814203,505.63037,82.05341,0 419.92676,44.16517,498.61676,189.78668,0
nuimages/train/human/n008-2018-06-04-16-30-00-0400__CAM_FRONT__1528144996612465.jpg 388.99606,550.74084,775.27783,1027.1875,0 405.36826,1136.8903,468.69177,1329.5208,0 398.3266,1133.2448,447.6109,1227.779,0 304.3945,1312.3711,870.2795,1591.6761,0
nuimages/train/human/n004-2018-07-05-17-15-40+0800__CAM_FRONT__1530783026262419.jpg
nuimages/train/human/n003-2018-01-08-12-04-22+0800__CAM_FRONT__1515384766405022.jpg
nuimages/train/human/n013-2018-08-03-14-44-49+0800__CAM_BACK_LEFT__1533278821697155.jpg
nuimages/train/human/n016-2018-07-10-11-37-19+0800__CAM_FRONT_RIGHT__1531194048420480.jpg
nuimages/train/human/n013-2018-08-17-16-34-06+0800__CAM_FRONT__1534495239362407.jpg 523.8767,1148.79,785.1048,1587.5503,0 471.20682,885.2151,534.20935,976.35205,0 485.1849,865.7433,521.1372,914.2317,0
nuimages/train/human/n015-2018-09-06-15-01-40+0800__CAM_BACK__1536217876437525.jpg 412.18735,1312.9008,473.66754,1462.9086,0 482.45956,788.0006,562.34045,894.33624,0 481.95166,608.55597,532.7289,684.8072,0 484.76346,224.92438,544.95996,357.1659,0
nuimages/train/human/n003-2018-01-08-11-30-34+0800__CAM_BACK_LEFT__1515382736468623.jpg 488.6577,150.23155,901.0158,1622.5492,0
nuimages/train/human/n013-2018-08-02-13-54-05+0800__CAM_FRONT_LEFT__1533189609254825.jpg 443.81595,742.6429,504.77698,811.03723,0 441.98373,601.0728,504.01627,689.1378,0
nuimages/train/human/n008-2018-09-13-15-21-54-0400__CAM_BACK__1536867391537558.jpg 444.08255,367.25894,631.25543,598.14465,0 441.7711,828.59515,555.0198,937.11224,0 463.81992,969.68823,519.6547,1038.5592,0 415.82388,680.8214,502.95792,775.47205,0 454.71576,913.72144,503.19635,985.9459,0
nuimages/train/human/n008-2018-07-27-12-27-03-0400__CAM_FRONT__1532709246012404.jpg 460.74615,937.7039,545.5842,1053.9182,0 467.93347,1022.713,531.6606,1094.2194,0 475.1854,537.3073,508.64716,587.89935,0 436.8886,3.851807,534.59753,130.71625,0 485.58508,518.0458,520.42377,573.13763,0 478.4597,746.65936,505.7739,796.4751,0
nuimages/train/human/n008-2018-07-27-12-27-03-0400__CAM_BACK_LEFT__1532708917647405.jpg 461.49374,22.270727,657.5829,496.0144,0 489.72717,1103.5917,548.78986,1171.6786,0 489.455,531.0064,539.4627,683.6024,0 473.01898,1229.2981,560.94824,1340.8127,0 487.02533,656.7166,530.2682,761.17065,0
nuimages/train/human/n015-2018-09-06-15-01-40+0800__CAM_FRONT_RIGHT__1536217744670339.jpg 490.31308,437.45108,622.7731,697.1864,0 487.25674,212.34232,585.98834,405.0759,0 458.79797,9.65054,581.74744,163.38168,0 491.99268,1429.4381,785.5433,1598.6503,0 504.05423,660.3128,555.3106,765.75397,0
nuimages/train/human/n013-2018-08-15-10-43-15+0800__CAM_FRONT_LEFT__1534301620004825.jpg 463.48636,679.36676,528.47095,926.126,0 477.90646,1370.3806,541.4394,1584.7755,0
nuimages/train/human/n013-2018-08-02-16-24-06+0800__CAM_BACK_LEFT__1533198343297155.jpg 393.62738,5.6503716,472.66495,205.51974,0 372.89877,161.5764,459.6737,320.43787,0 353.16736,292.24734,443.92957,406.09146,0 377.49567,467.8956,440.07538,601.61163,0 352.80652,0.023633242,461.64487,46.585094,0
nuimages/train/human/n004-2018-07-05-17-15-40+0800__CAM_FRONT_RIGHT__1530783669020594.jpg 450.4219,634.3047,494.87738,762.90564,0 439.7186,356.28882,482.13657,490.664,0 452.70248,870.77167,485.2291,941.01074,0 448.27637,510.30188,488.97696,624.5873,0 454.67883,769.72266,488.35645,857.5809,0 433.32367,222.87593,484.1914,375.85773,0 459.63245,937.0177,487.62164,992.98083,0 442.45255,488.42038,477.77948,560.375,0 458.66315,1004.401,496.9192,1089.7885,0
nuimages/train/human/n010-2018-08-03-16-43-05+0800__CAM_BACK_RIGHT__1533286097177423.jpg 511.18967,1441.6097,870.7239,1602.143,0 545.72125,-5.4740906,902.1832,1428.2302,0
nuimages/train/human/n016-2018-07-02-14-06-07+0800__CAM_FRONT_LEFT__1530511941904817.jpg
nuimages/train/human/n016-2018-09-06-11-20-31+0800__CAM_BACK__1536204245887551.jpg 511.62076,317.2028,620.5181,524.7749,0 511.4772,126.23791,560.2833,192.93698,0 418.08154,1413.5739,542.73193,1529.1433,0
nuimages/train/human/n003-2018-01-03-17-00-35+0800__CAM_FRONT_LEFT__1514970190543803.jpg 428.26224,890.26935,484.34848,1034.8617,0 448.34363,985.28375,488.0975,1059.544,0
nuimages/train/human/n003-2018-07-12-15-40-35+0800__CAM_FRONT_LEFT__1531384357105224.jpg
nuimages/train/human/n003-2018-01-04-11-37-37+0800__CAM_FRONT__1515037162726501.jpg 449.1385,565.43207,551.0507,677.5687,0 457.56265,765.0302,496.63406,810.8827,0 461.34714,874.1035,485.35013,913.7924,0 454.902,617.2436,507.80237,695.2877,0
nuimages/train/human/n016-2018-09-10-11-49-13+0800__CAM_FRONT_RIGHT__1536551562920471.jpg 558.8741,1001.8621,693.58386,1172.6038,0 475.0928,577.7258,582.1705,776.0283,0
nuimages/train/human/n016-2018-07-06-12-27-13+0800__CAM_BACK_RIGHT__1530852096127917.jpg 514.22076,1493.1124,744.3798,1594.034,0 547.75336,1043.0814,635.60913,1155.8884,0 549.823,1222.8462,581.1319,1322.0192,0 548.60144,1111.8602,576.7541,1173.9082,0
nuimages/train/human/n013-2018-08-20-10-36-22+0800__CAM_FRONT__1534733227512407.jpg 518.575,1029.6174,629.2062,1229.5208,0
